# frame times for dvs-video.avi
# frame# time(s)
0	  0.016333
1	  0.026333
2	  0.036333
3	  0.046333
4	  0.056333
5	  0.066333
6	  0.076333
7	  0.086333
8	  0.096333
9	  0.106333
10	  0.116333
11	  0.126333
12	  0.136333
13	  0.146333
14	  0.156333
15	  0.166333
16	  0.176333
17	  0.186333
18	  0.196333
19	  0.206333
20	  0.216333
21	  0.226333
22	  0.236333
23	  0.246333
24	  0.256333
25	  0.266333
26	  0.276333
27	  0.286333
28	  0.296333
29	  0.306333
30	  0.316333
31	  0.326333
32	  0.336333
33	  0.346333
34	  0.356333
35	  0.366333
36	  0.376333
37	  0.386333
38	  0.396333
39	  0.406333
40	  0.416333
41	  0.426333
42	  0.436333
43	  0.446333
44	  0.456333
45	  0.466333
46	  0.476333
47	  0.486333
48	  0.496333
49	  0.506333
50	  0.516333
51	  0.526333
52	  0.536333
53	  0.546333
54	  0.556333
55	  0.566333
56	  0.576333
57	  0.586333
58	  0.596333
59	  0.606333
60	  0.616333
61	  0.626333
62	  0.636333
63	  0.646333
64	  0.656333
65	  0.666333
66	  0.676333
67	  0.686333
68	  0.696333
69	  0.706333
70	  0.716333
71	  0.726333
72	  0.736333
73	  0.746333
74	  0.756333
75	  0.766333
76	  0.776333
77	  0.786333
78	  0.796333
79	  0.806333
80	  0.816333
81	  0.826333
82	  0.836333
83	  0.846333
84	  0.856333
85	  0.866333
86	  0.876333
87	  0.886333
88	  0.896333
89	  0.906333
90	  0.916333
91	  0.926333
92	  0.936333
93	  0.946333
94	  0.956333
95	  0.966333
96	  0.976333
97	  0.986333
98	  0.996333
99	  1.006333
100	  1.016333
101	  1.026333
102	  1.036333
103	  1.046333
104	  1.056333
105	  1.066333
106	  1.076333
107	  1.086333
108	  1.096333
109	  1.106333
110	  1.116333
111	  1.126333
112	  1.136333
113	  1.146333
114	  1.156333
115	  1.166333
116	  1.176333
117	  1.186333
118	  1.196333
119	  1.206333
120	  1.216333
121	  1.226333
122	  1.236333
123	  1.246333
124	  1.256333
125	  1.266333
126	  1.276333
127	  1.286333
128	  1.296333
129	  1.306333
130	  1.316333
131	  1.326333
132	  1.336333
133	  1.346333
134	  1.356333
135	  1.366333
136	  1.376333
137	  1.386333
138	  1.396333
139	  1.406333
140	  1.416333
141	  1.426333
142	  1.436333
143	  1.446333
144	  1.456333
145	  1.466333
146	  1.476333
147	  1.486333
148	  1.496333
149	  1.506333
150	  1.516333
151	  1.526333
152	  1.536333
153	  1.546333
154	  1.556333
155	  1.566333
156	  1.576333
157	  1.586333
158	  1.596333
159	  1.606333
160	  1.616333
161	  1.626333
162	  1.636333
163	  1.646333
164	  1.656333
165	  1.666333
166	  1.676333
167	  1.686333
168	  1.696333
169	  1.706333
170	  1.716333
171	  1.726333
172	  1.736333
173	  1.746333
174	  1.756333
175	  1.766333
176	  1.776333
177	  1.786333
178	  1.796333
179	  1.806333
180	  1.816333
181	  1.826333
182	  1.836333
183	  1.846333
184	  1.856333
185	  1.866333
186	  1.876333
187	  1.886333
188	  1.896333
189	  1.906333
190	  1.916333
191	  1.926333
192	  1.936333
193	  1.946333
194	  1.956333
195	  1.966333
196	  1.976333
197	  1.986333
198	  1.996333
199	  2.006333
200	  2.016333
201	  2.026333
202	  2.036333
203	  2.046333
204	  2.056333
205	  2.066333
206	  2.076333
207	  2.086333
208	  2.096333
209	  2.106333
210	  2.116333
211	  2.126333
212	  2.136333
213	  2.146333
214	  2.156333
215	  2.166333
216	  2.176333
217	  2.186333
218	  2.196333
219	  2.206333
220	  2.216333
221	  2.226333
222	  2.236333
223	  2.246333
224	  2.256333
225	  2.266333
226	  2.276333
227	  2.286333
228	  2.296333
229	  2.306333
230	  2.316333
231	  2.326333
232	  2.336333
233	  2.346333
234	  2.356333
235	  2.366333
236	  2.376333
237	  2.386333
238	  2.396333
239	  2.406333
240	  2.416333
241	  2.426333
242	  2.436333
243	  2.446333
244	  2.456333
245	  2.466333
246	  2.476333
247	  2.486333
248	  2.496333
249	  2.506333
250	  2.516333
251	  2.526333
252	  2.536333
253	  2.546333
254	  2.556333
255	  2.566333
256	  2.576333
257	  2.586333
258	  2.596333
259	  2.606333
260	  2.616333
261	  2.626333
262	  2.636333
263	  2.646333
264	  2.656333
265	  2.666333
266	  2.676333
267	  2.686333
268	  2.696333
269	  2.706333
270	  2.716333
271	  2.726333
272	  2.736333
273	  2.746333
274	  2.756333
275	  2.766333
276	  2.776333
277	  2.786333
278	  2.796333
279	  2.806333
280	  2.816333
281	  2.826333
282	  2.836333
283	  2.846333
284	  2.856333
285	  2.866333
286	  2.876333
287	  2.886333
288	  2.896333
289	  2.906333
290	  2.916333
291	  2.926333
292	  2.936333
293	  2.946333
294	  2.956333
295	  2.966333
296	  2.976333
297	  2.986333
298	  2.996333
299	  3.006333
300	  3.016333
301	  3.026333
302	  3.036333
303	  3.046333
304	  3.056333
305	  3.066333
306	  3.076333
307	  3.086333
308	  3.096333
309	  3.106333
310	  3.116333
311	  3.126333
312	  3.136333
313	  3.146333
314	  3.156333
315	  3.166333
316	  3.176333
317	  3.186333
318	  3.196333
319	  3.206333
320	  3.216333
321	  3.226333
322	  3.236333
323	  3.246333
324	  3.256333
325	  3.266333
326	  3.276333
327	  3.286333
328	  3.296333
329	  3.306333
330	  3.316333
331	  3.326333
332	  3.336333
333	  3.346333
334	  3.356333
335	  3.366333
336	  3.376333
337	  3.386333
338	  3.396333
339	  3.406333
340	  3.416333
341	  3.426333
342	  3.436333
343	  3.446333
344	  3.456333
345	  3.466333
346	  3.476333
347	  3.486333
348	  3.496333
349	  3.506333
350	  3.516333
351	  3.526333
352	  3.536333
353	  3.546333
354	  3.556333
355	  3.566333
356	  3.576333
357	  3.586333
358	  3.596333
359	  3.606333
360	  3.616333
361	  3.626333
362	  3.636333
363	  3.646333
364	  3.656333
365	  3.666333
366	  3.676333
367	  3.686333
368	  3.696333
369	  3.706333
370	  3.716333
371	  3.726333
372	  3.736333
373	  3.746333
374	  3.756333
375	  3.766333
376	  3.776333
377	  3.786333
378	  3.796333
379	  3.806333
380	  3.816333
381	  3.826333
382	  3.836333
383	  3.846333
384	  3.856333
385	  3.866333
386	  3.876333
387	  3.886333
388	  3.896333
389	  3.906333
390	  3.916333
391	  3.926333
392	  3.936333
393	  3.946333
394	  3.956333
395	  3.966333
396	  3.976333
397	  3.986333
398	  3.996333
399	  4.006333
400	  4.016333
401	  4.026333
402	  4.036333
403	  4.046333
404	  4.056333
405	  4.066333
406	  4.076333
407	  4.086333
408	  4.096333
409	  4.106333
410	  4.116333
411	  4.126333
412	  4.136333
413	  4.146333
414	  4.156333
415	  4.166333
416	  4.176333
417	  4.186333
418	  4.196333
419	  4.206333
420	  4.216333
421	  4.226333
422	  4.236333
423	  4.246333
424	  4.256333
425	  4.266333
426	  4.276333
427	  4.286333
428	  4.296333
429	  4.306333
430	  4.316333
431	  4.326333
432	  4.336333
433	  4.346333
434	  4.356333
435	  4.366333
436	  4.376333
437	  4.386333
438	  4.396333
439	  4.406333
440	  4.416333
441	  4.426333
442	  4.436333
443	  4.446333
444	  4.456333
445	  4.466333
446	  4.476333
447	  4.486333
448	  4.496333
449	  4.506333
450	  4.516333
451	  4.526333
452	  4.536333
453	  4.546333
454	  4.556333
455	  4.566333
456	  4.576333
457	  4.586333
458	  4.596333
459	  4.606333
460	  4.616333
461	  4.626333
462	  4.636333
463	  4.646333
464	  4.656333
465	  4.666333
466	  4.676333
467	  4.686333
468	  4.696333
469	  4.706333
470	  4.716333
471	  4.726333
472	  4.736333
473	  4.746333
474	  4.756333
475	  4.766333
476	  4.776333
477	  4.786333
478	  4.796333
479	  4.806333
480	  4.816333
481	  4.826333
482	  4.836333
483	  4.846333
484	  4.856333
485	  4.866333
486	  4.876333
487	  4.886333
488	  4.896333
489	  4.906333
490	  4.916333
491	  4.926333
492	  4.936333
493	  4.946333
494	  4.956333
495	  4.966333
496	  4.976333
497	  4.986333
498	  4.996333
499	  5.006333
500	  5.016333
501	  5.026333
502	  5.036333
503	  5.046333
504	  5.056333
505	  5.066333
506	  5.076333
507	  5.086333
508	  5.096333
509	  5.106333
510	  5.116333
511	  5.126333
512	  5.136333
513	  5.146333
514	  5.156333
515	  5.166333
516	  5.176333
517	  5.186333
518	  5.196333
519	  5.206333
520	  5.216333
521	  5.226333
522	  5.236333
523	  5.246333
524	  5.256333
525	  5.266333
526	  5.276333
527	  5.286333
528	  5.296333
529	  5.306333
530	  5.316333
531	  5.326333
532	  5.336333
533	  5.346333
534	  5.356333
535	  5.366333
536	  5.376333
537	  5.386333
538	  5.396333
539	  5.406333
540	  5.416333
541	  5.426333
542	  5.436333
543	  5.446333
544	  5.456333
545	  5.466333
546	  5.476333
547	  5.486333
548	  5.496333
549	  5.506333
550	  5.516333
551	  5.526333
552	  5.536333
553	  5.546333
554	  5.556333
555	  5.566333
556	  5.576333
557	  5.586333
558	  5.596333
559	  5.606333
560	  5.616333
561	  5.626333
562	  5.636333
563	  5.646333
564	  5.656333
565	  5.666333
566	  5.676333
567	  5.686333
568	  5.696333
569	  5.706333
570	  5.716333
571	  5.726333
572	  5.736333
573	  5.746333
574	  5.756333
575	  5.766333
576	  5.776333
577	  5.786333
578	  5.796333
579	  5.806333
580	  5.816333
581	  5.826333
582	  5.836333
583	  5.846333
584	  5.856333
585	  5.866333
586	  5.876333
587	  5.886333
588	  5.896333
589	  5.906333
590	  5.916333
591	  5.926333
592	  5.936333
593	  5.946333
594	  5.956333
595	  5.966333
596	  5.976333
597	  5.986333
598	  5.996333
599	  6.006333
600	  6.016333
601	  6.026333
602	  6.036333
603	  6.046333
604	  6.056333
605	  6.066333
606	  6.076333
607	  6.086333
608	  6.096333
609	  6.106333
610	  6.116333
611	  6.126333
612	  6.136333
613	  6.146333
614	  6.156333
615	  6.166333
616	  6.176333
617	  6.186333
618	  6.196333
619	  6.206333
620	  6.216333
621	  6.226333
622	  6.236333
623	  6.246333
624	  6.256333
625	  6.266333
626	  6.276333
627	  6.286333
628	  6.296333
629	  6.306333
630	  6.316333
631	  6.326333
632	  6.336333
633	  6.346333
634	  6.356333
635	  6.366333
636	  6.376333
637	  6.386333
638	  6.396333
639	  6.406333
640	  6.416333
641	  6.426333
642	  6.436333
643	  6.446333
644	  6.456333
645	  6.466333
646	  6.476333
647	  6.486333
648	  6.496333
649	  6.506333
650	  6.516333
651	  6.526333
652	  6.536333
653	  6.546333
654	  6.556333
655	  6.566333
656	  6.576333
657	  6.586333
658	  6.596333
659	  6.606333
660	  6.616333
661	  6.626333
662	  6.636333
